\begin{tabular}{@{}llccccccc@{}}
\toprule
\textbf{Architecture} & \textbf{Attack} & \textbf{CC} & \textbf{CD} & \textbf{UC} & \textbf{HG} & \textbf{UI} & \textbf{CI} & \textbf{UN} \\
\midrule
Vanilla & Clean & 87.2 & 2.2 & 2.6 & 1.7 & 0.1 & 3.4 & 2.8 \\
Vanilla & Naive & 55.6 & 5.0 & 2.9 & 12.1 & 2.3 & 20.8 & 1.3 \\
Vanilla & CRAK & 8.8 & 7.5 & 0.2 & 10.9 & 2.0 & 70.6 & 0.1 \\
\addlinespace
Agentic & Clean & 83.9 & 4.0 & 4.5 & 3.6 & 0.2 & 2.1 & 1.7 \\
Agentic & Naive & 73.8 & 6.2 & 3.9 & 8.0 & 1.0 & 5.4 & 1.6 \\
Agentic & CRAK & 34.9 & 14.9 & 1.7 & 18.2 & 1.8 & 27.5 & 1.0 \\
\addlinespace
RLM & Clean & 84.6 & 4.1 & 2.8 & 1.6 & 0.4 & 6.4 & 0.0 \\
RLM & Naive & 67.9 & 6.9 & 2.7 & 6.0 & 1.5 & 14.8 & 0.2 \\
RLM & CRAK & 54.3 & 12.7 & 2.1 & 1.5 & 0.9 & 28.3 & 0.2 \\
\addlinespace
MADAM & Clean & 38.7 & 17.0 & 0.9 & 29.6 & 0.2 & 1.8 & 11.7 \\
MADAM & Naive & 24.4 & 16.8 & 0.3 & 42.8 & 0.1 & 1.8 & 13.7 \\
MADAM & CRAK & 5.0 & 21.6 & 0.2 & 52.2 & 0.3 & 1.2 & 19.4 \\
\bottomrule
\end{tabular}